Group,PID,AT,BT,CT,TAT,WT
RR,1,0,79,42401,42401,42322
RR,2,2,91,46623,46621,46530
RR,3,4,55,31896,31892,31837
RR,4,6,68,38920,38914,38846
RR,5,8,31,16159,16151,16120
RR,6,10,95,48337,48327,48232
RR,7,12,78,43689,43677,43599
RR,8,14,12,958,944,932
RR,9,16,38,22193,22177,22139
RR,10,18,37,22392,22374,22337
RR,11,20,18,6268,6248,6230
RR,12,22,97,49012,48990,48893
RR,13,24,90,47618,47594,47504
RR,14,26,19,8809,8783,8764
RR,15,28,20,9007,8979,8959
RR,16,30,83,46308,46278,46195
RR,17,32,50,31600,31568,31518
RR,18,34,73,43231,43197,43124
RR,19,36,59,37301,37265,37206
RR,20,38,46,29373,29335,29289
RR,21,40,26,14825,14785,14759
RR,22,42,60,37511,37469,37409
RR,23,44,20,10001,9957,9937
RR,24,46,73,43564,43518,43445
RR,25,48,29,18465,18417,18388
RR,26,50,10,1630,1580,1570
RR,27,52,32,20217,20165,20133
RR,28,54,74,43763,43709,43635
RR,29,56,37,24825,24769,24732
RR,30,58,83,46805,46747,46664
RR,31,60,46,30270,30210,30164
RR,32,62,50,32716,32654,32604
RR,33,64,32,20619,20555,20523
RR,34,66,12,3936,3870,3858
RR,35,68,69,42469,42401,42332
RR,36,70,25,16134,16064,16039
RR,37,72,24,14569,14497,14473
RR,38,74,51,34109,34035,33984
RR,39,76,61,39255,39179,39118
RR,40,78,17,9657,9579,9562
RR,41,80,95,49231,49151,49056
RR,42,82,11,4447,4365,4354
RR,43,84,87,47939,47855,47768
RR,44,86,94,48991,48905,48811
RR,45,88,100,49683,49595,49495
RR,46,90,45,30926,30836,30791
RR,47,92,57,37644,37552,37495
RR,48,94,74,44261,44167,44093
RR,49,96,77,45531,45435,45358
RR,50,98,48,32297,32199,32151
RR,51,100,62,39647,39547,39485
RR,52,102,39,27334,27232,27193
RR,53,104,54,35807,35703,35649
RR,54,106,85,47682,47576,47491
RR,55,108,14,7064,6956,6942
RR,56,110,71,43778,43668,43597
RR,57,112,37,26209,26097,26060
RR,58,114,51,34896,34782,34731
RR,59,116,94,49132,49016,48922
RR,60,118,38,26279,26161,26123
RR,61,120,44,30266,30146,30102
RR,62,122,43,30283,30161,30118
RR,63,124,40,27706,27582,27542
RR,64,126,12,5619,5493,5481
RR,65,128,10,3856,3728,3718
RR,66,130,86,47778,47648,47562
RR,67,132,63,40821,40689,40626
RR,68,134,93,49166,49032,48939
RR,69,136,39,27846,27710,27671
RR,70,138,63,40867,40729,40666
RR,71,140,74,44615,44475,44401
RR,72,142,12,5871,5729,5717
RR,73,144,92,48908,48764,48672
RR,74,146,53,36263,36117,36064
RR,75,148,89,48599,48451,48362
RR,76,150,63,40962,40812,40749
RR,77,152,52,35243,35091,35039
RR,78,154,63,40995,40841,40778
RR,79,156,78,45916,45760,45682
RR,80,158,39,28097,27939,27900
RR,81,160,51,35313,35153,35102
RR,82,162,11,6190,6028,6017
RR,83,164,69,43408,43244,43175
RR,84,166,74,44777,44611,44537
RR,85,168,49,34295,34127,34078
RR,86,170,67,42714,42544,42477
RR,87,172,37,26921,26749,26712
RR,88,174,69,43473,43299,43230
RR,89,176,44,30869,30693,30649
RR,90,178,64,41179,41001,40937
RR,91,180,75,45462,45282,45207
RR,92,182,85,47977,47795,47710
RR,93,184,10,4751,4567,4557
RR,94,186,20,13522,13336,13316
RR,95,188,47,33373,33185,33138
RR,96,190,16,10174,9984,9968
RR,97,192,22,15256,15064,15042
RR,98,194,45,32263,32069,32024
RR,99,196,22,15314,15118,15096
RR,100,198,39,28580,28382,28343
RR,101,200,29,21573,21373,21344
RR,102,202,81,47181,46979,46898
RR,103,204,55,37811,37607,37552
RR,104,206,27,20147,19941,19914
RR,105,208,32,23155,22947,22915
RR,106,210,34,24626,24416,24382
RR,107,212,18,12240,12028,12010
RR,108,214,53,36904,36690,36637
RR,109,216,50,34794,34578,34528
RR,110,218,73,45067,44849,44776
RR,111,220,60,39799,39579,39519
RR,112,222,17,12383,12161,12144
RR,113,224,57,38926,38702,38645
RR,114,226,80,46784,46558,46478
RR,115,228,44,31427,31199,31155
RR,116,230,26,18903,18673,18647
RR,117,232,11,7239,7007,6996
RR,118,234,73,45126,44892,44819
RR,119,236,63,41567,41331,41268
RR,120,238,28,20481,20243,20215
RR,121,240,18,12530,12290,12272
RR,122,242,25,18982,18740,18715
RR,123,244,44,31507,31263,31219
RR,124,246,14,9122,8876,8862
RR,125,248,20,14254,14006,13986
RR,126,250,40,29032,28782,28742
RR,127,252,60,39917,39665,39605
RR,128,254,93,49392,49138,49045
RR,129,256,43,31558,31302,31259
RR,130,258,87,48536,48278,48191
RR,131,260,55,38123,37863,37808
RR,132,262,33,25038,24776,24743
RR,133,264,63,41646,41382,41319
RR,134,266,11,7504,7238,7227
RR,135,268,35,26464,26196,26161
RR,136,270,24,17623,17353,17329
RR,137,272,46,32826,32554,32508
RR,138,274,31,23677,23403,23372
RR,139,276,24,17665,17389,17365
RR,140,278,57,39132,38854,38797
RR,141,280,72,44611,44331,44259
RR,142,282,36,26542,26260,26224
RR,143,284,54,37244,36960,36906
RR,144,286,55,38233,37947,37892
RR,145,288,12,7676,7388,7376
RR,146,290,91,49194,48904,48813
RR,147,292,32,23795,23503,23471
RR,148,294,66,42544,42250,42184
RR,149,296,61,40949,40653,40592
RR,150,298,12,7756,7458,7446
RR,151,300,35,26647,26347,26312
RR,152,302,87,48604,48302,48215
RR,153,304,59,40136,39832,39773
RR,154,306,39,29341,29035,28996
RR,155,308,88,48612,48304,48216
RR,156,310,87,48615,48305,48218
RR,157,312,85,48262,47950,47865
RR,158,314,50,35288,34974,34924
RR,159,316,38,28092,27776,27738
RR,160,318,48,34202,33884,33836
RR,161,320,45,33067,32747,32702
RR,162,322,93,49458,49136,49043
RR,163,324,99,49947,49623,49524
RR,164,326,71,44753,44427,44356
RR,165,328,42,30725,30397,30355
RR,166,330,36,26828,26498,26462
RR,167,332,91,49249,48917,48826
RR,168,334,74,45399,45065,44991
RR,169,336,97,49841,49505,49408
RR,170,338,57,39380,39042,38985
RR,171,340,53,37493,37153,37100
RR,172,342,67,43452,43110,43043
RR,173,344,78,46543,46199,46121
RR,174,346,99,49954,49608,49509
RR,175,348,85,48332,47984,47899
RR,176,350,57,39434,39084,39027
RR,177,352,63,41974,41622,41559
RR,178,354,42,30873,30519,30477
RR,179,356,37,28329,27973,27936
RR,180,358,20,15056,14698,14678
RR,181,360,85,48352,47992,47907
RR,182,362,85,48353,47991,47906
RR,183,364,63,42023,41659,41596
RR,184,366,56,38586,38220,38164
RR,185,368,98,49854,49486,49388
RR,186,370,21,16749,16379,16358
RR,187,372,53,37649,37277,37224
RR,188,374,54,37659,37285,37231
RR,189,376,64,42073,41697,41633
RR,190,378,44,32216,31838,31794
RR,191,380,51,36671,36291,36240
RR,192,382,52,36677,36295,36243
RR,193,384,41,31042,30658,30617
RR,194,386,42,31052,30666,30624
RR,195,388,14,10230,9842,9828
RR,196,390,89,49036,48646,48557
RR,197,392,79,47142,46750,46671
RR,198,394,97,49866,49472,49375
RR,199,396,31,24463,24067,24036
RR,200,398,89,49047,48649,48560
RR,201,400,90,49053,48653,48563
RR,202,402,52,36772,36370,36318
RR,203,404,14,10358,9954,9940
RR,204,406,32,24530,24124,24092
RR,205,408,82,47646,47238,47156
RR,206,410,63,42187,41777,41714
RR,207,412,67,43679,43267,43200
RR,208,414,28,21661,21247,21219
RR,209,416,77,46713,46297,46220
RR,210,418,85,48449,48031,47946
RR,211,420,87,48789,48369,48282
RR,212,422,14,10497,10075,10061
RR,213,424,53,37881,37457,37404
RR,214,426,65,43006,42580,42515
RR,215,428,14,10545,10117,10103
RR,216,430,49,35859,35429,35380
RR,217,432,84,48093,47661,47577
RR,218,434,18,13980,13546,13528
RR,219,436,86,48475,48039,47953
RR,220,438,37,28830,28392,28355
RR,221,440,12,8879,8439,8427
RR,222,442,14,10651,10209,10195
RR,223,444,76,46250,45806,45730
RR,224,446,43,32580,32134,32091
RR,225,448,49,35953,35505,35456
RR,226,450,32,24808,24358,24326
RR,227,452,68,43796,43344,43276
RR,228,454,42,31421,30967,30925
RR,229,456,30,23391,22935,22905
RR,230,458,67,43801,43343,43276
RR,231,460,68,43807,43347,43279
RR,232,462,96,49769,49307,49211
RR,233,464,26,20439,19975,19949
RR,234,466,74,45717,45251,45177
RR,235,468,11,9024,8556,8545
RR,236,470,98,49913,49443,49345
RR,237,472,16,12496,12024,12008
RR,238,474,38,28965,28491,28453
RR,239,476,75,46289,45813,45738
RR,240,478,95,49772,49294,49199
RR,241,480,54,38051,37571,37517
RR,242,482,71,45143,44661,44590
RR,243,484,32,24913,24429,24397
RR,244,486,22,17430,16944,16922
RR,245,488,80,47301,46813,46733
RR,246,490,96,49778,49288,49192
RR,247,492,73,45749,45257,45184
RR,248,494,14,10875,10381,10367
RR,249,496,91,49387,48891,48800
RR,250,498,13,10890,10392,10379
RR,251,500,59,40771,40271,40212
RR,252,502,12,9158,8656,8644
RR,253,504,16,12614,12110,12094
RR,254,506,74,45761,45255,45181
RR,255,508,49,36074,35566,35517
RR,256,510,55,39029,38519,38464
RR,257,512,46,33887,33375,33329
RR,258,514,85,48533,48019,47934
RR,259,516,74,45773,45257,45183
RR,260,518,79,47326,46808,46729
RR,261,520,65,43176,42656,42591
RR,262,522,29,23593,23071,23042
RR,263,524,58,39957,39433,39375
RR,264,526,47,35043,34517,34470
RR,265,528,38,29112,28584,28546
RR,266,530,15,12713,12183,12168
RR,267,532,77,46862,46330,46253
RR,268,534,57,39974,39440,39383
RR,269,536,23,19157,18621,18598
RR,270,538,63,42448,41910,41847
RR,271,540,71,45212,44672,44601
RR,272,542,29,23658,23116,23087
RR,273,544,15,12764,12220,12205
RR,274,546,24,19191,18645,18621
RR,275,548,25,20718,20170,20145
RR,276,550,30,23679,23129,23099
RR,277,552,97,49926,49374,49277
RR,278,554,96,49797,49243,49147
RR,279,556,58,40021,39465,39407
RR,280,558,97,49930,49372,49275
RR,281,560,32,25139,24579,24547
RR,282,562,90,49184,48622,48532
RR,283,564,76,46378,45814,45738
RR,284,566,68,43954,43388,43320
RR,285,568,88,48898,48330,48242
RR,286,570,11,9421,8851,8840
RR,287,572,96,49807,49235,49139
RR,288,574,73,45842,45268,45195
RR,289,576,94,49632,49056,48962
RR,290,578,80,47387,46809,46729
RR,291,580,77,46912,46332,46255
RR,292,582,37,29262,28680,28643
RR,293,584,75,46409,45825,45750
RR,294,586,65,43284,42698,42633
RR,295,588,64,42542,41954,41890
RR,296,590,24,19337,18747,18723
RR,297,592,83,48239,47647,47564
RR,298,594,76,46425,45831,45755
RR,299,596,95,49816,49220,49125
RR,300,598,13,11270,10672,10659
RR,301,600,81,47855,47255,47174
RR,302,602,13,11284,10682,10669
RR,303,604,66,43310,42706,42640
RR,304,606,13,11299,10693,10680
RR,305,608,89,49209,48601,48512
RR,306,610,27,22403,21793,21766
RR,307,612,71,45307,44695,44624
RR,308,614,49,36322,35708,35659
RR,309,616,67,44033,43417,43350
RR,310,618,77,46955,46337,46260
RR,311,620,97,49942,49322,49225
RR,312,622,12,9623,9001,8989
RR,313,624,11,9630,9006,8995
RR,314,626,95,49823,49197,49102
RR,315,628,68,44057,43429,43361
RR,316,630,40,30655,30025,29985
RR,317,632,80,47452,46820,46740
RR,318,634,63,42619,41985,41922
RR,319,636,90,49224,48588,48498
RR,320,638,84,48281,47643,47559
RR,321,640,19,16383,15743,15724
RR,322,642,74,45936,45294,45220
RR,323,644,29,23980,23336,23307
RR,324,646,13,11452,10806,10793
RR,325,648,87,48955,48307,48220
RR,326,650,47,35332,34682,34635
RR,327,652,94,49666,49014,48920
RR,328,654,29,24010,23356,23327
RR,329,656,72,45375,44719,44647
RR,330,658,19,16446,15788,15769
RR,331,660,49,36421,35761,35712
RR,332,662,78,47015,46353,46275
RR,333,664,98,49951,49287,49189
RR,334,666,63,42679,42013,41950
RR,335,668,88,48981,48313,48225
RR,336,670,39,30763,30093,30054
RR,337,672,54,38447,37775,37721
RR,338,674,51,37476,36802,36751
RR,339,676,85,48676,48000,47915
RR,340,678,21,18091,17413,17392
RR,341,680,68,44144,43464,43396
RR,342,682,78,47045,46363,46285
RR,343,684,59,41120,40436,40377
RR,344,686,61,41942,41256,41195
RR,345,688,78,47047,46359,46281
RR,346,690,72,45421,44731,44659
RR,347,692,74,46002,45310,45236
RR,348,694,64,42730,42036,41972
RR,349,696,56,39424,38728,38672
RR,350,698,63,42737,42039,41976
RR,351,700,41,32064,31364,31323
RR,352,702,28,22714,22012,21984
RR,353,704,36,28304,27600,27564
RR,354,706,89,49260,48554,48465
RR,355,708,10,8194,7486,7476
RR,356,710,67,44178,43468,43401
RR,357,712,54,38534,37822,37768
RR,358,714,100,50022,49308,49208
RR,359,716,79,47536,46820,46741
RR,360,718,84,48347,47629,47545
RR,361,720,95,49846,49126,49031
RR,362,722,72,45461,44739,44667
RR,363,724,45,34423,33699,33654
RR,364,726,47,35525,34799,34752
RR,365,728,98,49958,49230,49132
RR,366,730,40,30938,30208,30168
RR,367,732,99,50023,49291,49192
RR,368,734,67,44220,43486,43419
RR,369,736,11,10068,9332,9321
RR,370,738,32,25701,24963,24931
RR,371,740,32,25707,24967,24935
RR,372,742,100,50025,49283,49183
RR,373,744,18,15156,14412,14394
RR,374,746,87,49019,48273,48186
RR,375,748,29,24318,23570,23541
RR,376,750,82,47999,47249,47167
RR,377,752,27,22883,22131,22104
RR,378,754,92,49510,48756,48664
RR,379,756,83,48382,47626,47543
RR,380,758,14,11884,11126,11112
RR,381,760,14,11892,11132,11118
RR,382,762,29,24364,23602,23573
RR,383,764,37,29778,29014,28977
RR,384,766,39,31033,30267,30228
RR,385,768,100,50027,49259,49159
RR,386,770,59,41284,40514,40455
RR,387,772,23,19961,19189,19166
RR,388,774,72,45530,44756,44684
RR,389,776,49,36700,35924,35875
RR,390,778,32,25824,25046,25014
RR,391,780,59,41303,40523,40464
RR,392,782,56,39593,38811,38755
RR,393,784,15,13661,12877,12862
RR,394,786,50,36724,35938,35888
RR,395,788,25,21520,20732,20707
RR,396,790,74,46118,45328,45254
RR,397,792,52,37745,36953,36901
RR,398,794,79,47612,46818,46739
RR,399,796,78,47156,46360,46282
RR,400,798,53,38713,37915,37862
RR,401,800,63,42910,42110,42047
RR,402,802,16,13731,12929,12913
RR,403,804,56,39637,38833,38777
RR,404,806,92,49530,48724,48632
RR,405,808,39,31152,30344,30305
RR,406,810,87,49064,48254,48167
RR,407,812,10,8608,7796,7786
RR,408,814,68,44345,43531,43463
RR,409,816,37,29930,29114,29077
RR,410,818,54,38765,37947,37893
RR,411,820,94,49733,48913,48819
RR,412,822,68,44360,43538,43470
RR,413,824,48,35771,34947,34899
RR,414,826,11,10421,9595,9584
RR,415,828,38,29966,29138,29100
RR,416,830,89,49333,48503,48414
RR,417,832,100,50034,49202,49102
RR,418,834,19,17081,16247,16228
RR,419,836,14,12182,11346,11332
RR,420,838,52,37855,37017,36965
RR,421,840,48,35811,34971,34923
RR,422,842,30,24622,23780,23750
RR,423,844,99,50035,49191,49092
RR,424,846,17,15526,14680,14663
RR,425,848,60,41439,40591,40531
RR,426,850,52,37885,37035,36983
RR,427,852,46,34755,33903,33857
RR,428,854,76,46737,45883,45807
RR,429,856,20,17159,16303,16283
RR,430,858,44,33641,32783,32739
RR,431,860,21,18733,17873,17852
RR,432,862,71,45651,44789,44718
RR,433,864,69,45051,44187,44118
RR,434,866,51,37914,37048,36997
RR,435,868,68,44422,43554,43486
RR,436,870,100,50042,49172,49072
RR,437,872,96,49899,49027,48931
RR,438,874,96,49901,49027,48931
RR,439,876,38,30108,29232,29194
RR,440,878,79,47699,46821,46742
RR,441,880,48,35912,35032,34984
RR,442,882,74,46242,45360,45286
RR,443,884,37,30133,29249,29212
RR,444,886,72,45687,44801,44729
RR,445,888,12,10663,9775,9763
RR,446,890,78,47259,46369,46291
RR,447,892,99,50046,49154,49055
RR,448,894,78,47265,46371,46293
RR,449,896,53,38921,38025,37972
RR,450,898,63,43075,42177,42114
RR,451,900,28,23367,22467,22439
RR,452,902,94,49765,48863,48769
RR,453,904,92,49579,48675,48583
RR,454,906,43,33762,32856,32813
RR,455,908,16,14100,13192,13176
RR,456,910,70,45107,44197,44127
RR,457,912,48,35971,35059,35011
RR,458,914,11,10736,9822,9811
RR,459,916,11,10739,9823,9812
RR,460,918,81,48126,47208,47127
RR,461,920,95,49911,48991,48896
RR,462,922,33,27599,26677,26644
RR,463,924,56,39846,38922,38866
RR,464,926,44,33784,32858,32814
RR,465,928,87,49130,48202,48115
RR,466,930,54,38952,38022,37968
RR,467,932,80,47729,46797,46717
RR,468,934,61,42346,41412,41351
RR,469,936,84,48507,47571,47487
RR,470,938,81,48137,47199,47118
RR,471,940,83,48508,47568,47485
RR,472,942,56,39870,38928,38872
RR,473,944,18,15789,14845,14827
RR,474,946,20,17380,16434,16414
RR,475,948,60,41569,40621,40561
RR,476,950,53,38979,38029,37976
RR,477,952,71,45730,44778,44707
RR,478,954,52,38045,37091,37039
RR,479,956,34,27647,26691,26657
RR,480,958,43,33825,32867,32824
RR,481,960,76,46809,45849,45773
RR,482,962,95,49914,48952,48857
RR,483,964,55,39887,38923,38868
RR,484,966,87,49139,48173,48086
RR,485,968,33,27666,26698,26665
RR,486,970,31,26308,25338,25307
RR,487,972,24,20509,19537,19513
RR,488,974,48,36037,35063,35015
RR,489,976,79,47746,46770,46691
RR,490,978,94,49776,48798,48704
RR,491,980,27,23492,22512,22485
RR,492,982,53,39004,38022,37969
RR,493,984,35,29010,28026,27991
RR,494,986,42,32698,31712,31670
RR,495,988,56,39903,38915,38859
RR,496,990,92,49595,48605,48513
RR,497,992,30,24947,23955,23925
RR,498,994,34,27700,26706,26672
RR,499,996,51,38080,37084,37033
RR,500,998,42,32710,31712,31670
RR,501,1000,14,12598,11598,11584
RR,502,1002,96,49916,48914,48818
RR,503,1004,33,27713,26709,26676
RR,504,1006,34,27715,26709,26675
RR,505,1008,92,49599,48591,48499
RR,506,1010,49,37099,36089,36040
RR,507,1012,38,30313,29301,29263
RR,508,1014,81,48160,47146,47065
RR,509,1016,24,20579,19563,19539
RR,510,1018,48,36076,35058,35010
RR,511,1020,38,30325,29305,29267
RR,512,1022,16,14298,13276,13260
RR,513,1024,26,22087,21063,21037
RR,514,1026,46,35006,33980,33934
RR,515,1028,99,50047,49019,48920
RR,516,1030,85,48863,47833,47748
RR,517,1032,22,19082,18050,18028
RR,518,1034,69,45180,44146,44077
RR,519,1036,57,40796,39760,39703
RR,520,1038,93,49783,48745,48652
RR,521,1040,85,48866,47826,47741
RR,522,1042,95,49919,48877,48782
RR,523,1044,37,30362,29318,29281
RR,524,1046,69,45191,44145,44076
RR,525,1048,78,47336,46288,46210
RR,526,1050,31,26427,25377,25346
RR,527,1052,82,48178,47126,47044
RR,528,1054,97,50004,48950,48853
RR,529,1056,85,48871,47815,47730
RR,530,1058,24,20657,19599,19575
RR,531,1060,44,33935,32875,32831
RR,532,1062,37,30385,29323,29286
RR,533,1064,92,49609,48545,48453
RR,534,1066,44,33943,32877,32833
RR,535,1068,82,48186,47118,47036
RR,536,1070,60,41654,40584,40524
RR,537,1072,100,50049,48977,48877
RR,538,1074,67,44582,43508,43441
RR,539,1076,62,42447,41371,41309
RR,540,1078,55,39985,38907,38852
RR,541,1080,66,43915,42835,42769
RR,542,1082,19,17621,16539,16520
RR,543,1084,67,44587,43503,43436
RR,544,1086,57,40846,39760,39703
RR,545,1088,83,48553,47465,47382
RR,546,1090,72,45807,44717,44645
RR,547,1092,99,50050,48958,48859
RR,548,1094,91,49614,48520,48429
RR,549,1096,65,43928,42832,42767
RR,550,1098,77,47357,46259,46182
RR,551,1100,15,14443,13343,13328
RR,552,1102,18,16069,14967,14949
RR,553,1104,51,38186,37082,37031
RR,554,1106,20,17663,16557,16537
RR,555,1108,100,50052,48944,48844
RR,556,1110,35,29177,28067,28032
RR,557,1112,95,49929,48817,48722
RR,558,1114,57,40870,39756,39699
RR,559,1116,49,37218,36102,36053
RR,560,1118,28,23707,22589,22561
RR,561,1120,29,25137,24017,23988
RR,562,1122,95,49931,48809,48714
RR,563,1124,44,34013,32889,32845
RR,564,1126,39,31689,30563,30524
RR,565,1128,19,17706,16578,16559
RR,566,1130,40,31695,30565,30525
RR,567,1132,85,48896,47764,47679
RR,568,1134,50,37238,36104,36054
RR,569,1136,59,41711,40575,40516
RR,570,1138,11,11161,10023,10012
RR,571,1140,79,47817,46677,46598
RR,572,1142,95,49932,48790,48695
RR,573,1144,61,42502,41358,41297
RR,574,1146,43,34040,32894,32851
RR,575,1148,75,46901,45753,45678
RR,576,1150,87,49189,48039,47952
RR,577,1152,65,43969,42817,42752
RR,578,1154,56,40065,38911,38855
RR,579,1156,19,17749,16593,16574
RR,580,1158,40,31735,30577,30537
RR,581,1160,94,49809,48649,48555
RR,582,1162,69,45265,44103,44034
RR,583,1164,80,47833,46669,46589
RR,584,1166,82,48230,47064,46982
RR,585,1168,41,32925,31757,31716
RR,586,1170,97,50011,48841,48744
RR,587,1172,19,17778,16606,16587
RR,588,1174,83,48592,47418,47335
RR,589,1176,97,50012,48836,48739
RR,590,1178,18,16209,15031,15013
RR,591,1180,79,47842,46662,46583
RR,592,1182,95,49937,48755,48660
RR,593,1184,12,11247,10063,10051
RR,594,1186,60,41769,40583,40523
RR,595,1188,89,49435,48247,48158
RR,596,1190,14,12956,11766,11752
RR,597,1192,40,31787,30595,30555
RR,598,1194,32,26640,25446,25414
RR,599,1196,96,49939,48743,48647
RR,600,1198,17,16240,15042,15025
RR,601,1200,11,11275,10075,10064
RR,602,1202,12,11279,10077,10065
RR,603,1204,41,32968,31764,31723
RR,604,1206,56,40119,38913,38857
RR,605,1208,65,44014,42806,42741
RR,606,1210,28,23851,22641,22613
RR,607,1212,69,45300,44088,44019
RR,608,1214,34,28012,26798,26764
RR,609,1216,92,49646,48430,48338
RR,610,1218,98,50014,48796,48698
RR,611,1220,30,25289,24069,24039
RR,612,1222,67,44688,43466,43399
RR,613,1224,54,39250,38026,37972
RR,614,1226,31,26680,25454,25423
RR,615,1228,79,47864,46636,46557
RR,616,1230,45,35252,34022,33977
RR,617,1232,70,45311,44079,44009
RR,618,1234,16,14687,13453,13437
RR,619,1236,77,47432,46196,46119
RR,620,1238,76,46957,45719,45643
RR,621,1240,26,22439,21199,21173
RR,622,1242,14,13048,11806,11792
RR,623,1244,43,34166,32922,32879
RR,624,1246,44,34168,32922,32878
RR,625,1248,23,20963,19715,19692
RR,626,1250,25,22450,21200,21175
RR,627,1252,16,14717,13465,13449
RR,628,1254,93,49824,48570,48477
RR,629,1256,90,49451,48195,48105
RR,630,1258,87,49220,47962,47875
RR,631,1260,96,49944,48684,48588
RR,632,1262,84,48627,47365,47281
RR,633,1264,35,29396,28132,28097
RR,634,1266,42,33050,31784,31742
RR,635,1268,12,11403,10135,10123
RR,636,1270,81,48275,47005,46924
RR,637,1272,64,43366,42094,42030
RR,638,1274,92,49658,48384,48292
RR,639,1276,61,42628,41352,41291
RR,640,1278,32,26764,25486,25454
RR,641,1280,28,23965,22685,22657
RR,642,1282,36,29420,28138,28102
RR,643,1284,39,31899,30615,30576
RR,644,1286,65,44076,42790,42725
RR,645,1288,98,50016,48728,48630
RR,646,1290,23,21036,19746,19723
RR,647,1292,63,43381,42089,42026
RR,648,1294,50,37413,36119,36069
RR,649,1296,88,49233,47937,47849
RR,650,1298,27,23993,22695,22668
RR,651,1300,52,38399,37099,37047
RR,652,1302,94,49832,48530,48436
RR,653,1304,12,11472,10168,10156
RR,654,1306,85,48962,47656,47571
RR,655,1308,98,50018,48710,48612
RR,656,1310,32,26810,25500,25468
RR,657,1312,85,48965,47653,47568
RR,658,1314,20,18018,16704,16684
RR,659,1316,87,49242,47926,47839
RR,660,1318,94,49836,48518,48424
RR,661,1320,89,49469,48149,48060
RR,662,1322,22,19573,18251,18229
RR,663,1324,13,13197,11873,11860
RR,664,1326,46,35360,34034,33988
RR,665,1328,37,30740,29412,29375
RR,666,1330,12,11522,10192,10180
RR,667,1332,86,48977,47645,47559
RR,668,1334,91,49673,48339,48248
RR,669,1336,77,47497,46161,46084
RR,670,1338,98,50020,48682,48584
RR,671,1340,92,49677,48337,48245
RR,672,1342,48,36447,35105,35057
RR,673,1344,47,36448,35104,35057
RR,674,1346,21,19612,18266,18245
RR,675,1348,78,47507,46159,46081
RR,676,1350,26,22616,21266,21240
RR,677,1352,48,36458,35106,35058
RR,678,1354,66,44138,42784,42718
RR,679,1356,14,13255,11899,11885
RR,680,1358,78,47511,46153,46075
RR,681,1360,50,37488,36128,36078
RR,682,1362,63,43447,42085,42022
RR,683,1364,79,47940,46576,46497
RR,684,1366,50,37499,36133,36083
RR,685,1368,43,34324,32956,32913
RR,686,1370,13,13282,11912,11899
RR,687,1372,67,44802,43430,43363
RR,688,1374,29,25530,24156,24127
RR,689,1376,57,41127,39751,39694
RR,690,1378,30,25538,24160,24130
RR,691,1380,23,21185,19805,19782
RR,692,1382,29,25543,24161,24132
RR,693,1384,18,16568,15184,15166
RR,694,1386,33,28264,26878,26845
RR,695,1388,60,41954,40566,40506
RR,696,1390,65,44161,42771,42706
RR,697,1392,35,29581,28189,28154
RR,698,1394,47,36517,35123,35076
RR,699,1396,19,18164,16768,16749
RR,700,1398,86,48993,47595,47509
RR,701,1400,53,39433,38033,37980
RR,702,1402,28,24164,22762,22734
RR,703,1404,35,29600,28196,28161
RR,704,1406,84,48684,47278,47194
RR,705,1408,59,41973,40565,40506
RR,706,1410,25,22723,21313,21288
RR,707,1412,27,24179,22767,22740
RR,708,1414,72,46018,44604,44532
RR,709,1416,15,15022,13606,13591
RR,710,1418,89,49482,48064,47975
RR,711,1420,10,9963,8543,8533
RR,712,1422,38,30877,29455,29417
RR,713,1424,51,38532,37108,37057
RR,714,1426,53,39453,38027,37974
RR,715,1428,62,42757,41329,41267
RR,716,1430,63,43490,42060,41997
RR,717,1432,25,22760,21328,21303
RR,718,1434,78,47538,46104,46026
RR,719,1436,79,47961,46525,46446
RR,720,1438,65,44191,42753,42688
RR,721,1440,92,49687,48247,48155
RR,722,1442,40,32114,30672,30632
RR,723,1444,14,13424,11980,11966
RR,724,1446,20,18252,16806,16786
RR,725,1448,33,28360,26912,26879
RR,726,1450,79,47970,46520,46441
RR,727,1452,20,18264,16812,16792
RR,728,1454,77,47553,46099,46022
RR,729,1456,73,46584,45128,45055
RR,730,1458,91,49692,48234,48143
RR,731,1460,38,30936,29476,29438
RR,732,1462,34,28386,26924,26890
RR,733,1464,50,37615,36151,36101
RR,734,1466,58,41219,39753,39695
RR,735,1468,70,45480,44012,43942
RR,736,1470,71,46055,44585,44514
RR,737,1472,94,49852,48380,48286
RR,738,1474,71,46060,44586,44515
RR,739,1476,35,29709,28233,28198
RR,740,1478,63,43541,42063,42000
RR,741,1480,41,33330,31850,31809
RR,742,1482,52,38604,37122,37070
RR,743,1484,83,48709,47225,47142
RR,744,1486,44,34473,32987,32943
RR,745,1488,84,48713,47225,47141
RR,746,1490,65,44237,42747,42682
RR,747,1492,18,16765,15273,15255
RR,748,1494,93,49857,48363,48270
RR,749,1496,72,46074,44578,44506
RR,750,1498,92,49704,48206,48114
RR,751,1500,77,47580,46080,46003
RR,752,1502,66,44251,42749,42683
RR,753,1504,95,49963,48459,48364
RR,754,1506,68,44900,43394,43326
RR,755,1508,27,24337,22829,22802
RR,756,1510,30,25751,24241,24211
RR,757,1512,62,42845,41333,41271
RR,758,1514,35,29762,28248,28213
RR,759,1516,54,39555,38039,37985
RR,760,1518,34,28472,26954,26920
RR,761,1520,47,36670,35150,35103
RR,762,1522,24,21433,19911,19887
RR,763,1524,35,29773,28249,28214
RR,764,1526,76,47125,45599,45523
RR,765,1528,52,38648,37120,37068
RR,766,1530,42,33391,31861,31819
RR,767,1532,29,25784,24252,24223
RR,768,1534,58,41277,39743,39685
RR,769,1536,18,16845,15309,15291
RR,770,1538,74,46627,45089,45015
RR,771,1540,34,28504,26964,26930
RR,772,1542,77,47591,46049,45972
RR,773,1544,99,50053,48509,48410
RR,774,1546,42,33409,31863,31821
RR,775,1548,88,49296,47748,47660
RR,776,1550,59,42098,40548,40489
RR,777,1552,17,16874,15322,15305
RR,778,1554,87,49297,47743,47656
RR,779,1556,68,44926,43370,43302
RR,780,1558,36,29820,28262,28226
RR,781,1560,62,42873,41313,41251
RR,782,1562,14,13648,12086,12072
RR,783,1564,50,37721,36157,36107
RR,784,1566,96,49969,48403,48307
RR,785,1568,83,48736,47168,47085
RR,786,1570,68,44934,43364,43296
RR,787,1572,21,20004,18432,18411
RR,788,1574,62,42885,41311,41249
RR,789,1576,34,28556,26980,26946
RR,790,1578,88,49301,47723,47635
RR,791,1580,95,49970,48390,48295
RR,792,1582,70,45551,43969,43899
RR,793,1584,48,36738,35154,35106
RR,794,1586,33,28573,26987,26954
RR,795,1588,86,49046,47458,47372
RR,796,1590,37,31111,29521,29484
RR,797,1592,83,48745,47153,47070
RR,798,1594,27,24476,22882,22855
RR,799,1596,45,35694,34098,34053
RR,800,1598,10,10316,8718,8708
RR,801,1600,95,49971,48371,48276
RR,802,1602,95,49972,48370,48275
RR,803,1604,49,37768,36164,36115
RR,804,1606,14,13733,12127,12113
RR,805,1608,96,49974,48366,48270
RR,806,1610,62,42918,41308,41246
RR,807,1612,99,50054,48442,48343
RR,808,1614,73,46674,45060,44987
RR,809,1616,87,49316,47700,47613
RR,810,1618,35,29909,28291,28256
RR,811,1620,97,50032,48412,48315
RR,812,1622,80,48051,46429,46349
RR,813,1624,57,41366,39742,39685
RR,814,1626,71,46155,44529,44458
RR,815,1628,96,49980,48352,48256
RR,816,1630,45,35743,34113,34068
RR,817,1632,90,49536,47904,47814
RR,818,1634,95,49981,48347,48252
RR,819,1636,91,49731,48095,48004
RR,820,1638,19,18590,16952,16933
RR,821,1640,15,15431,13791,13776
RR,822,1642,65,44356,42714,42649
RR,823,1644,74,46698,45054,44980
RR,824,1646,93,49883,48237,48144
RR,825,1648,85,49077,47429,47344
RR,826,1650,59,42196,40546,40487
RR,827,1652,51,38784,37132,37081
RR,828,1654,14,13821,12167,12153
RR,829,1656,90,49546,47890,47800
RR,830,1658,76,47201,45543,45467
RR,831,1660,83,48782,47122,47039
RR,832,1662,22,20161,18499,18477
RR,833,1664,48,36842,35178,35130
RR,834,1666,33,28695,27029,26996
RR,835,1668,44,34703,33035,32991
RR,836,1670,74,46715,45045,44971
RR,837,1672,51,38801,37129,37078
RR,838,1674,55,40581,38907,38852
RR,839,1676,13,13862,12186,12173
RR,840,1678,72,46191,44513,44441
RR,841,1680,86,49085,47405,47319
RR,842,1682,30,26020,24338,24308
RR,843,1684,78,47670,45986,45908
RR,844,1686,71,46198,44512,44441
RR,845,1688,61,42991,41303,41242
RR,846,1690,86,49089,47399,47313
RR,847,1692,57,41433,39741,39684
RR,848,1694,99,50055,48361,48262
RR,849,1696,88,49341,47645,47557
RR,850,1698,49,37880,36182,36133
RR,851,1700,69,45642,43942,43873
RR,852,1702,45,35840,34138,34093
RR,853,1704,77,47679,45975,45898
RR,854,1706,97,50038,48332,48235
RR,855,1708,47,36895,35187,35140
RR,856,1710,37,31283,29573,29536
RR,857,1712,38,31287,29575,29537
RR,858,1714,43,34766,33052,33009
RR,859,1716,64,43727,42011,41947
RR,860,1718,55,40622,38904,38849
RR,861,1720,34,28777,27057,27023
RR,862,1722,15,15579,13857,13842
RR,863,1724,51,38846,37122,37071
RR,864,1726,26,23245,21519,21493
RR,865,1728,96,49991,48263,48167
RR,866,1730,59,42257,40527,40468
RR,867,1732,87,49346,47614,47527
RR,868,1734,48,36922,35188,35140
RR,869,1736,99,50056,48320,48221
RR,870,1738,67,45058,43320,43253
RR,871,1740,46,35885,34145,34099
RR,872,1742,10,10597,8855,8845
RR,873,1744,46,35889,34145,34099
RR,874,1746,42,33683,31937,31895
RR,875,1748,45,35894,34146,34101
RR,876,1750,65,44433,42683,42618
RR,877,1752,11,12329,10577,10566
RR,878,1754,72,46232,44478,44406
RR,879,1756,73,46756,45000,44927
RR,880,1758,32,27504,25746,25714
RR,881,1760,83,48812,47052,46969
RR,882,1762,43,34831,33069,33026
RR,883,1764,93,49902,48138,48045
RR,884,1766,97,50043,48277,48180
RR,885,1768,36,30132,28364,28328
RR,886,1770,89,49569,47799,47710
RR,887,1772,94,49906,48134,48040
RR,888,1774,17,17262,15488,15471
RR,889,1776,53,39808,38032,37979
RR,890,1778,60,42305,40527,40467
RR,891,1780,11,12378,10598,10587
RR,892,1782,33,28871,27089,27056
RR,893,1784,99,50057,48273,48174
RR,894,1786,49,37971,36185,36136
RR,895,1788,48,36982,35194,35146
RR,896,1790,57,41520,39730,39673
RR,897,1792,16,15699,13907,13891
RR,898,1794,35,30168,28374,28339
RR,899,1796,11,12408,10612,10601
RR,900,1798,86,49121,47323,47237
IRR,1,0,79,33077,33077,32998
IRR,2,2,91,39473,39471,39380
IRR,3,4,55,23098,23094,23039
IRR,4,6,68,31338,31332,31264
IRR,5,8,31,1882,1874,1843
IRR,6,10,95,45585,45575,45480
IRR,7,12,78,38500,38488,38410
IRR,8,14,12,92,78,66
IRR,9,16,38,12422,12406,12368
IRR,10,18,37,12758,12740,12703
IRR,11,20,18,737,717,699
IRR,12,22,97,46237,46215,46118
IRR,13,24,90,43770,43746,43656
IRR,14,26,19,981,955,936
IRR,15,28,20,1041,1013,993
IRR,16,30,83,40386,40356,40273
IRR,17,32,50,23371,23339,23289
IRR,18,34,73,36109,36075,36002
IRR,19,36,59,30641,30605,30546
IRR,20,38,46,24207,24169,24123
IRR,21,40,26,8746,8706,8680
IRR,22,42,60,31598,31556,31496
IRR,23,44,20,1647,1603,1583
IRR,24,46,73,37628,37582,37509
IRR,25,48,29,10559,10511,10482
IRR,26,50,10,302,252,242
IRR,27,52,32,10863,10811,10779
IRR,28,54,74,38030,37976,37902
IRR,29,56,37,19057,19001,18964
IRR,30,58,83,42386,42328,42245
IRR,31,60,46,26500,26440,26394
IRR,32,62,50,26614,26552,26502
IRR,33,64,32,11276,11212,11180
IRR,34,66,12,404,338,326
IRR,35,68,69,38292,38224,38155
IRR,36,70,25,11431,11361,11336
IRR,37,72,24,2688,2616,2592
IRR,38,74,51,26900,26826,26775
IRR,39,76,61,33157,33081,33020
IRR,40,78,17,2866,2788,2771
IRR,41,80,95,47551,47471,47376
IRR,42,82,11,505,423,412
IRR,43,84,87,45757,45673,45586
IRR,44,86,94,47576,47490,47396
IRR,45,88,100,48570,48482,48382
IRR,46,90,45,27261,27171,27126
IRR,47,92,57,33480,33388,33331
IRR,48,94,74,38724,38630,38556
IRR,49,96,77,42901,42805,42728
IRR,50,98,48,27446,27348,27300
IRR,51,100,62,33672,33572,33510
IRR,52,102,39,20322,20220,20181
IRR,53,104,54,27600,27496,27442
IRR,54,106,85,45952,45846,45761
IRR,55,108,14,649,541,527
IRR,56,110,71,39062,38952,38881
IRR,57,112,37,20614,20502,20465
IRR,58,114,51,27890,27776,27725
IRR,59,116,94,47702,47586,47492
IRR,60,118,38,20820,20702,20664
IRR,61,120,44,20884,20764,20720
IRR,62,122,43,20947,20825,20782
IRR,63,124,40,21031,20907,20867
IRR,64,126,12,759,633,621
IRR,65,128,10,769,641,631
IRR,66,130,86,46151,46021,45935
IRR,67,132,63,34350,34218,34155
IRR,68,134,93,47782,47648,47555
IRR,69,136,39,21372,21236,21197
IRR,70,138,63,34530,34392,34329
IRR,71,140,74,39586,39446,39372
IRR,72,142,12,851,709,697
IRR,73,144,92,47822,47678,47586
IRR,74,146,53,28702,28556,28503
IRR,75,148,89,46295,46147,46058
IRR,76,150,63,34833,34683,34620
IRR,77,152,52,28854,28702,28650
IRR,78,154,63,34948,34794,34731
IRR,79,156,78,43828,43672,43594
IRR,80,158,39,22032,21874,21835
IRR,81,160,51,29092,28932,28881
IRR,82,162,11,972,810,799
IRR,83,164,69,40022,39858,39789
IRR,84,166,74,40036,39870,39796
IRR,85,168,49,29280,29112,29063
IRR,86,170,67,40073,39903,39836
IRR,87,172,37,22461,22289,22252
IRR,88,174,69,40169,39995,39926
IRR,89,176,44,22616,22440,22396
IRR,90,178,64,35432,35254,35190
IRR,91,180,75,44085,43905,43830
IRR,92,182,85,46571,46389,46304
IRR,93,184,10,1111,927,917
IRR,94,186,20,6683,6497,6477
IRR,95,188,47,29813,29625,29578
IRR,96,190,16,6800,6610,6594
IRR,97,192,22,6862,6670,6648
IRR,98,194,45,30002,29808,29763
IRR,99,196,22,7044,6848,6826
IRR,100,198,39,23227,23029,22990
IRR,101,200,29,15594,15394,15365
IRR,102,202,81,44364,44162,44081
IRR,103,204,55,35976,35772,35717
IRR,104,206,27,15817,15611,15584
IRR,105,208,32,15872,15664,15632
IRR,106,210,34,15932,15722,15688
IRR,107,212,18,7597,7385,7367
IRR,108,214,53,30425,30211,30158
IRR,109,216,50,30475,30259,30209
IRR,110,218,73,40916,40698,40625
IRR,111,220,60,36261,36041,35981
IRR,112,222,17,7961,7739,7722
IRR,113,224,57,36349,36125,36068
IRR,114,226,80,44663,44437,44357
IRR,115,228,44,24072,23844,23800
IRR,116,230,26,16577,16347,16321
IRR,117,232,11,1392,1160,1149
IRR,118,234,73,41148,40914,40841
IRR,119,236,63,36560,36324,36261
IRR,120,238,28,16857,16619,16591
IRR,121,240,18,8626,8386,8368
IRR,122,242,25,16952,16710,16685
IRR,123,244,44,24535,24291,24247
IRR,124,246,14,1486,1240,1226
IRR,125,248,20,8936,8688,8668
IRR,126,250,40,24705,24455,24415
IRR,127,252,60,36900,36648,36588
IRR,128,254,93,48954,48700,48607
IRR,129,256,43,24932,24676,24633
IRR,130,258,87,47103,46845,46758
IRR,131,260,55,37064,36804,36749
IRR,132,262,33,17653,17391,17358
IRR,133,264,63,37170,36906,36843
IRR,134,266,11,1607,1341,1330
IRR,135,268,35,25281,25013,24978
IRR,136,270,24,9718,9448,9424
IRR,137,272,46,31826,31554,31508
IRR,138,274,31,18068,17794,17763
IRR,139,276,24,9956,9680,9656
IRR,140,278,57,37471,37193,37136
IRR,141,280,72,41952,41672,41600
IRR,142,282,36,25670,25388,25352
IRR,143,284,54,32202,31918,31864
IRR,144,286,55,37671,37385,37330
IRR,145,288,12,1739,1451,1439
IRR,146,290,91,49077,48787,48696
IRR,147,292,32,18627,18335,18303
IRR,148,294,66,42204,41910,41844
IRR,149,296,61,37907,37611,37550
IRR,150,298,12,1801,1503,1491
IRR,151,300,35,26180,25880,25845
IRR,152,302,87,48478,48176,48089
IRR,153,304,59,37946,37642,37583
IRR,154,306,39,26209,25903,25864
IRR,155,308,88,48482,48174,48086
IRR,156,310,87,48485,48175,48088
IRR,157,312,85,47414,47102,47017
IRR,158,314,50,32598,32284,32234
IRR,159,316,38,26257,25941,25903
IRR,160,318,48,32606,32288,32240
IRR,161,320,45,32611,32291,32246
IRR,162,322,93,49109,48787,48694
IRR,163,324,99,49821,49497,49398
IRR,164,326,71,42302,41976,41905
IRR,165,328,42,26319,25991,25949
IRR,166,330,36,26325,25995,25959
IRR,167,332,91,49115,48783,48692
IRR,168,334,74,42326,41992,41918
IRR,169,336,97,49651,49315,49218
IRR,170,338,57,38057,37719,37662
IRR,171,340,53,32704,32364,32311
IRR,172,342,67,42343,42001,41934
IRR,173,344,78,45540,45196,45118
IRR,174,346,99,49823,49477,49378
IRR,175,348,85,47451,47103,47018
IRR,176,350,57,38104,37754,37697
IRR,177,352,63,38117,37765,37702
IRR,178,354,42,26467,26113,26071
IRR,179,356,37,26474,26118,26081
IRR,180,358,20,11073,10715,10695
IRR,181,360,85,47458,47098,47013
IRR,182,362,85,47465,47103,47018
IRR,183,364,63,38160,37796,37733
IRR,184,366,56,38166,37800,37744
IRR,185,368,98,49825,49457,49359
IRR,186,370,21,11144,10774,10753
IRR,187,372,53,32837,32465,32412
IRR,188,374,54,32861,32487,32433
IRR,189,376,64,38200,37824,37760
IRR,190,378,44,26584,26206,26162
IRR,191,380,51,32882,32502,32451
IRR,192,382,52,32894,32512,32460
IRR,193,384,41,26625,26241,26200
IRR,194,386,42,26637,26251,26209
IRR,195,388,14,2336,1948,1934
IRR,196,390,89,48520,48130,48041
IRR,197,392,79,45602,45210,45131
IRR,198,394,97,49826,49432,49335
IRR,199,396,31,19338,18942,18911
IRR,200,398,89,48530,48132,48043
IRR,201,400,90,48536,48136,48046
IRR,202,402,52,32956,32554,32502
IRR,203,404,14,2430,2026,2012
IRR,204,406,32,19380,18974,18942
IRR,205,408,82,47499,47091,47009
IRR,206,410,63,38273,37863,37800
IRR,207,412,67,42493,42081,42014
IRR,208,414,28,19418,19004,18976
IRR,209,416,77,45641,45225,45148
IRR,210,418,85,47506,47088,47003
IRR,211,420,87,48539,48119,48032
IRR,212,422,14,2534,2112,2098
IRR,213,424,53,33039,32615,32562
IRR,214,426,65,42528,42102,42037
IRR,215,428,14,2578,2150,2136
IRR,216,430,49,33058,32628,32579
IRR,217,432,84,47518,47086,47002
IRR,218,434,18,11469,11035,11017
IRR,219,436,86,47526,47090,47004
IRR,220,438,37,26834,26396,26359
IRR,221,440,12,2650,2210,2198
IRR,222,442,14,2664,2222,2208
IRR,223,444,76,45679,45235,45159
IRR,224,446,43,26857,26411,26368
IRR,225,448,49,33106,32658,32609
IRR,226,450,32,19570,19120,19088
IRR,227,452,68,42566,42114,42046
IRR,228,454,42,26889,26435,26393
IRR,229,456,30,19610,19154,19124
IRR,230,458,67,42573,42115,42048
IRR,231,460,68,42581,42121,42053
IRR,232,462,96,49659,49197,49101
IRR,233,464,26,19646,19182,19156
IRR,234,466,74,42605,42139,42065
IRR,235,468,11,2829,2361,2350
IRR,236,470,98,49828,49358,49260
IRR,237,472,16,11655,11183,11167
IRR,238,474,38,26968,26494,26456
IRR,239,476,75,45700,45224,45149
IRR,240,478,95,49662,49184,49089
IRR,241,480,54,33211,32731,32677
IRR,242,482,71,42646,42164,42093
IRR,243,484,32,19738,19254,19222
IRR,244,486,22,11737,11251,11229
IRR,245,488,80,45726,45238,45158
IRR,246,490,96,49664,49174,49078
IRR,247,492,73,42689,42197,42124
IRR,248,494,14,2980,2486,2472
IRR,249,496,91,49143,48647,48556
IRR,250,498,13,3013,2515,2502
IRR,251,500,59,38519,38019,37960
IRR,252,502,12,3035,2533,2521
IRR,253,504,16,11803,11299,11283
IRR,254,506,74,42713,42207,42133
IRR,255,508,49,33310,32802,32753
IRR,256,510,55,38534,38024,37969
IRR,257,512,46,33326,32814,32768
IRR,258,514,85,47570,47056,46971
IRR,259,516,74,42747,42231,42157
IRR,260,518,79,45766,45248,45169
IRR,261,520,65,42762,42242,42177
IRR,262,522,29,19907,19385,19356
IRR,263,524,58,38592,38068,38010
IRR,264,526,47,33403,32877,32830
IRR,265,528,38,27206,26678,26640
IRR,266,530,15,11948,11418,11403
IRR,267,532,77,45781,45249,45172
IRR,268,534,57,38619,38085,38028
IRR,269,536,23,11991,11455,11432
IRR,270,538,63,38642,38104,38041
IRR,271,540,71,42803,42263,42192
IRR,272,542,29,20006,19464,19435
IRR,273,544,15,12026,11482,11467
IRR,274,546,24,12050,11504,11480
IRR,275,548,25,20021,19473,19448
IRR,276,550,30,20031,19481,19451
IRR,277,552,97,49829,49277,49180
IRR,278,554,96,49668,49114,49018
IRR,279,556,58,38680,38124,38066
IRR,280,558,97,49831,49273,49176
IRR,281,560,32,20093,19533,19501
IRR,282,562,90,49154,48592,48502
IRR,283,564,76,45827,45263,45187
IRR,284,566,68,42861,42295,42227
IRR,285,568,88,48592,48024,47936
IRR,286,570,11,3436,2866,2855
IRR,287,572,96,49832,49260,49164
IRR,288,574,73,42894,42320,42247
IRR,289,576,94,49673,49097,49003
IRR,290,578,80,45861,45283,45203
IRR,291,580,77,45868,45288,45211
IRR,292,582,37,27428,26846,26809
IRR,293,584,75,45873,45289,45214
IRR,294,586,65,42946,42360,42295
IRR,295,588,64,38838,38250,38186
IRR,296,590,24,12304,11714,11690
IRR,297,592,83,47629,47037,46954
IRR,298,594,76,45887,45293,45217
IRR,299,596,95,49675,49079,48984
IRR,300,598,13,3609,3011,2998
IRR,301,600,81,45906,45306,45225
IRR,302,602,13,3632,3030,3017
IRR,303,604,66,42992,42388,42322
IRR,304,606,13,3665,3059,3046
IRR,305,608,89,48609,48001,47912
IRR,306,610,27,20339,19729,19702
IRR,307,612,71,43013,42401,42330
IRR,308,614,49,33731,33117,33068
IRR,309,616,67,43020,42404,42337
IRR,310,618,77,45921,45303,45226
IRR,311,620,97,49834,49214,49117
IRR,312,622,12,3757,3135,3123
IRR,313,624,11,3768,3144,3133
IRR,314,626,95,49679,49053,48958
IRR,315,628,68,43058,42430,42362
IRR,316,630,40,27630,27000,26960
IRR,317,632,80,45947,45315,45235
IRR,318,634,63,38981,38347,38284
IRR,319,636,90,49171,48535,48445
IRR,320,638,84,47665,47027,46943
IRR,321,640,19,12551,11911,11892
IRR,322,642,74,43112,42470,42396
IRR,323,644,29,20498,19854,19825
IRR,324,646,13,3901,3255,3242
IRR,325,648,87,48624,47976,47889
IRR,326,650,47,33858,33208,33161
IRR,327,652,94,49680,49028,48934
IRR,328,654,29,20537,19883,19854
IRR,329,656,72,43144,42488,42416
IRR,330,658,19,12630,11972,11953
IRR,331,660,49,33897,33237,33188
IRR,332,662,78,45992,45330,45252
IRR,333,664,98,49935,49271,49173
IRR,334,666,63,39095,38429,38366
IRR,335,668,88,48636,47968,47880
IRR,336,670,39,27799,27129,27090
IRR,337,672,54,33951,33279,33225
IRR,338,674,51,33962,33288,33237
IRR,339,676,85,47696,47020,46935
IRR,340,678,21,12751,12073,12052
IRR,341,680,68,43192,42512,42444
IRR,342,682,78,46024,45342,45264
IRR,343,684,59,39144,38460,38401
IRR,344,686,61,39155,38469,38408
IRR,345,688,78,46032,45344,45266
IRR,346,690,72,43224,42534,42462
IRR,347,692,74,43238,42546,42472
IRR,348,694,64,39199,38505,38441
IRR,349,696,56,39205,38509,38453
IRR,350,698,63,39218,38520,38457
IRR,351,700,41,27961,27261,27220
IRR,352,702,28,20792,20090,20062
IRR,353,704,36,27967,27263,27227
IRR,354,706,89,48641,47935,47846
IRR,355,708,10,4261,3553,3543
IRR,356,710,67,43265,42555,42488
IRR,357,712,54,34116,33404,33350
IRR,358,714,100,50008,49294,49194
IRR,359,716,79,46065,45349,45270
IRR,360,718,84,47720,47002,46918
IRR,361,720,95,49686,48966,48871
IRR,362,722,72,43317,42595,42523
IRR,363,724,45,34171,33447,33402
IRR,364,726,47,34178,33452,33405
IRR,365,728,98,49938,49210,49112
IRR,366,730,40,28087,27357,27317
IRR,367,732,99,49940,49208,49109
IRR,368,734,67,43344,42610,42543
IRR,369,736,11,4432,3696,3685
IRR,370,738,32,20989,20251,20219
IRR,371,740,32,21001,20261,20229
IRR,372,742,100,50009,49267,49167
IRR,373,744,18,13116,12372,12354
IRR,374,746,87,48664,47918,47831
IRR,375,748,29,21040,20292,20263
IRR,376,750,82,47754,47004,46922
IRR,377,752,27,21057,20305,20278
IRR,378,754,92,49495,48741,48649
IRR,379,756,83,47765,47009,46926
IRR,380,758,14,4556,3798,3784
IRR,381,760,14,4570,3810,3796
IRR,382,762,29,21086,20324,20295
IRR,383,764,37,28164,27400,27363
IRR,384,766,39,28173,27407,27368
IRR,385,768,100,50010,49242,49142
IRR,386,770,59,39397,38627,38568
IRR,387,772,23,13249,12477,12454
IRR,388,774,72,43416,42642,42570
IRR,389,776,49,34297,33521,33472
IRR,390,778,32,21158,20380,20348
IRR,391,780,59,39426,38646,38587
IRR,392,782,56,39432,38650,38594
IRR,393,784,15,13314,12530,12515
IRR,394,786,50,34337,33551,33501
IRR,395,788,25,21203,20415,20390
IRR,396,790,74,43440,42650,42576
IRR,397,792,52,34372,33580,33528
IRR,398,794,79,46160,45366,45287
IRR,399,796,78,46168,45372,45294
IRR,400,798,53,34405,33607,33554
IRR,401,800,63,39486,38686,38623
IRR,402,802,16,13420,12618,12602
IRR,403,804,56,39492,38688,38632
IRR,404,806,92,49498,48692,48600
IRR,405,808,39,28362,27554,27515
IRR,406,810,87,48679,47869,47782
IRR,407,812,10,4870,4058,4048
IRR,408,814,68,43498,42684,42616
IRR,409,816,37,28399,27583,27546
IRR,410,818,54,34489,33671,33617
IRR,411,820,94,49695,48875,48781
IRR,412,822,68,43516,42694,42626
IRR,413,824,48,34517,33693,33645
IRR,414,826,11,4951,4125,4114
IRR,415,828,38,28447,27619,27581
IRR,416,830,89,48688,47858,47769
IRR,417,832,100,50011,49179,49079
IRR,418,834,19,13589,12755,12736
IRR,419,836,14,5015,4179,4165
IRR,420,838,52,34562,33724,33672
IRR,421,840,48,34580,33740,33692
IRR,422,842,30,21482,20640,20610
IRR,423,844,99,49948,49104,49005
IRR,424,846,17,13646,12800,12783
IRR,425,848,60,39606,38758,38698
IRR,426,850,52,34612,33762,33710
IRR,427,852,46,34618,33766,33720
IRR,428,854,76,46230,45376,45300
IRR,429,856,20,13696,12840,12820
IRR,430,858,44,28571,27713,27669
IRR,431,860,21,13717,12857,12836
IRR,432,862,71,43577,42715,42644
IRR,433,864,69,43586,42722,42653
IRR,434,866,51,34669,33803,33752
IRR,435,868,68,43594,42726,42658
IRR,436,870,100,50012,49142,49042
IRR,437,872,96,49853,48981,48885
IRR,438,874,96,49854,48980,48884
IRR,439,876,38,28669,27793,27755
IRR,440,878,79,46278,45400,45321
IRR,441,880,48,34737,33857,33809
IRR,442,882,74,43658,42776,42702
IRR,443,884,37,28719,27835,27798
IRR,444,886,72,43670,42784,42712
IRR,445,888,12,5317,4429,4417
IRR,446,890,78,46286,45396,45318
IRR,447,892,99,49952,49060,48961
IRR,448,894,78,46311,45417,45339
IRR,449,896,53,34810,33914,33861
IRR,450,898,63,39779,38881,38818
IRR,451,900,28,21770,20870,20842
IRR,452,902,94,49708,48806,48712
IRR,453,904,92,49515,48611,48519
IRR,454,906,43,28832,27926,27883
IRR,455,908,16,13993,13085,13069
IRR,456,910,70,43740,42830,42760
IRR,457,912,48,34871,33959,33911
IRR,458,914,11,5478,4564,4553
IRR,459,916,11,5489,4573,4562
IRR,460,918,81,46338,45420,45339
IRR,461,920,95,49710,48790,48695
IRR,462,922,33,21883,20961,20928
IRR,463,924,56,39845,38921,38865
IRR,464,926,44,28918,27992,27948
IRR,465,928,87,48727,47799,47712
IRR,466,930,54,34935,34005,33951
IRR,467,932,80,46364,45432,45352
IRR,468,934,61,39876,38942,38881
IRR,469,936,84,47870,46934,46850
IRR,470,938,81,46383,45445,45364
IRR,471,940,83,47875,46935,46852
IRR,472,942,56,39922,38980,38924
IRR,473,944,18,14191,13247,13229
IRR,474,946,20,14201,13255,13235
IRR,475,948,60,39932,38984,38924
IRR,476,950,53,35041,34091,34038
IRR,477,952,71,43839,42887,42816
IRR,478,954,52,35063,34109,34057
IRR,479,956,34,22066,21110,21076
IRR,480,958,43,29071,28113,28070
IRR,481,960,76,46397,45437,45361
IRR,482,962,95,49712,48750,48655
IRR,483,964,55,39967,39003,38948
IRR,484,966,87,48734,47768,47681
IRR,485,968,33,22139,21171,21138
IRR,486,970,31,22150,21180,21149
IRR,487,972,24,14355,13383,13359
IRR,488,974,48,35111,34137,34089
IRR,489,976,79,46422,45446,45367
IRR,490,978,94,49713,48735,48641
IRR,491,980,27,22187,21207,21180
IRR,492,982,53,35144,34162,34109
IRR,493,984,35,29167,28183,28148
IRR,494,986,42,29179,28193,28151
IRR,495,988,56,40003,39015,38959
IRR,496,990,92,49522,48532,48440
IRR,497,992,30,22257,21265,21235
IRR,498,994,34,22271,21277,21243
IRR,499,996,51,35185,34189,34138
IRR,500,998,42,29231,28233,28191
IRR,501,1000,14,5973,4973,4959
IRR,502,1002,96,49857,48855,48759
IRR,503,1004,33,22324,21320,21287
IRR,504,1006,34,22338,21332,21298
IRR,505,1008,92,49525,48517,48425
IRR,506,1010,49,35224,34214,34165
IRR,507,1012,38,29288,28276,28238
IRR,508,1014,81,46465,45451,45370
IRR,509,1016,24,14599,13583,13559
IRR,510,1018,48,35242,34224,34176
IRR,511,1020,38,29316,28296,28258
IRR,512,1022,16,14635,13613,13597
IRR,513,1024,26,22424,21400,21374
IRR,514,1026,46,35258,34232,34186
IRR,515,1028,99,49954,48926,48827
IRR,516,1030,85,47924,46894,46809
IRR,517,1032,22,14697,13665,13643
IRR,518,1034,69,43958,42924,42855
IRR,519,1036,57,40110,39074,39017
IRR,520,1038,93,49529,48491,48398
IRR,521,1040,85,47937,46897,46812
IRR,522,1042,95,49719,48677,48582
IRR,523,1044,37,29413,28369,28332
IRR,524,1046,69,43997,42951,42882
IRR,525,1048,78,46513,45465,45387
IRR,526,1050,31,22552,21502,21471
IRR,527,1052,82,47947,46895,46813
IRR,528,1054,97,49861,48807,48710
IRR,529,1056,85,47960,46904,46819
IRR,530,1058,24,14841,13783,13759
IRR,531,1060,44,29487,28427,28383
IRR,532,1062,37,29494,28432,28395
IRR,533,1064,92,49534,48470,48378
IRR,534,1066,44,29518,28452,28408
IRR,535,1068,82,47971,46903,46821
IRR,536,1070,60,40229,39159,39099
IRR,537,1072,100,50014,48942,48842
IRR,538,1074,67,44074,43000,42933
IRR,539,1076,62,40261,39185,39123
IRR,540,1078,55,40266,39188,39133
IRR,541,1080,66,44080,43000,42934
IRR,542,1082,19,14990,13908,13889
IRR,543,1084,67,44092,43008,42941
IRR,544,1086,57,40303,39217,39160
IRR,545,1088,83,47983,46895,46812
IRR,546,1090,72,44114,43024,42952
IRR,547,1092,99,50015,48923,48824
IRR,548,1094,91,49539,48445,48354
IRR,549,1096,65,44149,43053,42988
IRR,550,1098,77,46592,45494,45417
IRR,551,1100,15,15085,13985,13970
IRR,552,1102,18,15103,14001,13983
IRR,553,1104,51,35603,34499,34448
IRR,554,1106,20,15123,14017,13997
IRR,555,1108,100,50017,48909,48809
IRR,556,1110,35,29733,28623,28588
IRR,557,1112,95,49868,48756,48661
IRR,558,1114,57,40413,39299,39242
IRR,559,1116,49,35642,34526,34477
IRR,560,1118,28,22904,21786,21758
IRR,561,1120,29,22913,21793,21764
IRR,562,1122,95,49869,48747,48652
IRR,563,1124,44,29787,28663,28619
IRR,564,1126,39,29796,28670,28631
IRR,565,1128,19,15232,14104,14085
IRR,566,1130,40,29806,28676,28636
IRR,567,1132,85,48021,46889,46804
IRR,568,1134,50,35672,34538,34488
IRR,569,1136,59,40442,39306,39247
IRR,570,1138,11,6784,5646,5635
IRR,571,1140,79,46629,45489,45410
IRR,572,1142,95,49870,48728,48633
IRR,573,1144,61,40473,39329,39268
IRR,574,1146,43,29886,28740,28697
IRR,575,1148,75,46641,45493,45418
IRR,576,1150,87,48802,47652,47565
IRR,577,1152,65,44244,43092,43027
IRR,578,1154,56,40509,39355,39299
IRR,579,1156,19,15371,14215,14196
IRR,580,1158,40,29936,28778,28738
IRR,581,1160,94,49735,48575,48481
IRR,582,1162,69,44263,43101,43032
IRR,583,1164,80,48042,46878,46798
IRR,584,1166,82,48047,46881,46799
IRR,585,1168,41,29987,28819,28778
IRR,586,1170,97,49961,48791,48694
IRR,587,1172,19,15470,14298,14279
IRR,588,1174,83,48059,46885,46802
IRR,589,1176,97,49963,48787,48690
IRR,590,1178,18,15498,14320,14302
IRR,591,1180,79,48068,46888,46809
IRR,592,1182,95,49876,48694,48599
IRR,593,1184,12,7066,5882,5870
IRR,594,1186,60,40609,39423,39363
IRR,595,1188,89,49297,48109,48020
IRR,596,1190,14,7100,5910,5896
IRR,597,1192,40,30072,28880,28840
IRR,598,1194,32,23249,22055,22023
IRR,599,1196,96,49964,48768,48672
IRR,600,1198,17,15585,14387,14370
IRR,601,1200,11,7161,5961,5950
IRR,602,1202,12,7183,5981,5969
IRR,603,1204,41,30093,28889,28848
IRR,604,1206,56,40635,39429,39373
IRR,605,1208,65,44353,43145,43080
IRR,606,1210,28,23297,22087,22059
IRR,607,1212,69,44373,43161,43092
IRR,608,1214,34,23331,22117,22083
IRR,609,1216,92,49744,48528,48436
IRR,610,1218,98,50018,48800,48702
IRR,611,1220,30,23361,22141,22111
IRR,612,1222,67,44398,43176,43109
IRR,613,1224,54,35956,34732,34678
IRR,614,1226,31,23402,22176,22145
IRR,615,1228,79,48101,46873,46794
IRR,616,1230,45,35971,34741,34696
IRR,617,1232,70,44417,43185,43115
IRR,618,1234,16,15780,14546,14530
IRR,619,1236,77,46747,45511,45434
IRR,620,1238,76,46754,45516,45440
IRR,621,1240,26,23468,22228,22202
IRR,622,1242,14,7427,6185,6171
IRR,623,1244,43,30246,29002,28959
IRR,624,1246,44,30260,29014,28970
IRR,625,1248,23,15850,14602,14579
IRR,626,1250,25,23493,22243,22218
IRR,627,1252,16,15878,14626,14610
IRR,628,1254,93,49748,48494,48401
IRR,629,1256,90,49564,48308,48218
IRR,630,1258,87,48847,47589,47502
IRR,631,1260,96,49968,48708,48612
IRR,632,1262,84,48854,47592,47508
IRR,633,1264,35,30315,29051,29016
IRR,634,1266,42,30327,29061,29019
IRR,635,1268,12,7579,6311,6299
IRR,636,1270,81,48134,46864,46783
IRR,637,1272,64,40809,39537,39473
IRR,638,1274,92,49752,48478,48386
IRR,639,1276,61,40830,39554,39493
IRR,640,1278,32,23615,22337,22305
IRR,641,1280,28,23623,22343,22315
IRR,642,1282,36,30383,29101,29065
IRR,643,1284,39,30392,29108,29069
IRR,644,1286,65,44503,43217,43152
IRR,645,1288,98,50020,48732,48634
IRR,646,1290,23,16085,14795,14772
IRR,647,1292,63,40863,39571,39508
IRR,648,1294,50,36149,34855,34805
IRR,649,1296,88,49324,48028,47940
IRR,650,1298,27,23720,22422,22395
IRR,651,1300,52,36171,34871,34819
IRR,652,1302,94,49886,48584,48490
IRR,653,1304,12,7799,6495,6483
IRR,654,1306,85,48874,47568,47483
IRR,655,1308,98,50022,48714,48616
IRR,656,1310,32,23782,22472,22440
IRR,657,1312,85,48882,47570,47485
IRR,658,1314,20,16225,14911,14891
IRR,659,1316,87,49332,48016,47929
IRR,660,1318,94,49890,48572,48478
IRR,661,1320,89,49577,48257,48168
IRR,662,1322,22,16277,14955,14933
IRR,663,1324,13,7922,6598,6585
IRR,664,1326,46,36267,34941,34895
IRR,665,1328,37,30582,29254,29217
IRR,666,1330,12,7954,6624,6612
IRR,667,1332,86,48899,47567,47481
IRR,668,1334,91,49761,48427,48336
IRR,669,1336,77,46888,45552,45475
IRR,670,1338,98,50024,48686,48588
IRR,671,1340,92,49765,48425,48333
IRR,672,1342,48,36325,34983,34935
IRR,673,1344,47,36332,34988,34941
IRR,674,1346,21,16388,15042,15021
IRR,675,1348,78,46911,45563,45485
IRR,676,1350,26,23958,22608,22582
IRR,677,1352,48,36357,35005,34957
IRR,678,1354,66,44644,43290,43224
IRR,679,1356,14,8115,6759,6745
IRR,680,1358,78,46920,45562,45484
IRR,681,1360,50,36387,35027,34977
IRR,682,1362,63,41059,39697,39634
IRR,683,1364,79,48207,46843,46764
IRR,684,1366,50,36427,35061,35011
IRR,685,1368,43,30774,29406,29363
IRR,686,1370,13,8198,6828,6815
IRR,687,1372,67,44679,43307,43240
IRR,688,1374,29,24091,22717,22688
IRR,689,1376,57,41086,39710,39653
IRR,690,1378,30,24111,22733,22703
IRR,691,1380,23,16571,15191,15168
IRR,692,1382,29,24120,22738,22709
IRR,693,1384,18,16595,15211,15193
IRR,694,1386,33,24133,22747,22714
IRR,695,1388,60,41096,39708,39648
IRR,696,1390,65,44684,43294,43229
IRR,697,1392,35,30819,29427,29392
IRR,698,1394,47,36474,35080,35033
IRR,699,1396,19,16654,15258,15239
IRR,700,1398,86,48916,47518,47432
IRR,701,1400,53,36497,35097,35044
IRR,702,1402,28,24201,22799,22771
IRR,703,1404,35,30854,29450,29415
IRR,704,1406,84,48919,47513,47429
IRR,705,1408,59,41135,39727,39668
IRR,706,1410,25,24242,22832,22807
IRR,707,1412,27,24249,22837,22810
IRR,708,1414,72,44714,43300,43228
IRR,709,1416,15,16769,15353,15338
IRR,710,1418,89,49584,48166,48077
IRR,711,1420,10,8488,7068,7058
IRR,712,1422,38,30912,29490,29452
IRR,713,1424,51,36571,35147,35096
IRR,714,1426,53,36584,35158,35105
IRR,715,1428,62,41180,39752,39690
IRR,716,1430,63,41193,39763,39700
IRR,717,1432,25,24344,22912,22887
IRR,718,1434,78,46957,45523,45445
IRR,719,1436,79,48225,46789,46710
IRR,720,1438,65,44746,43308,43243
IRR,721,1440,92,49767,48327,48235
IRR,722,1442,40,31012,29570,29530
IRR,723,1444,14,8640,7196,7182
IRR,724,1446,20,16917,15471,15451
IRR,725,1448,33,24407,22959,22926
IRR,726,1450,79,48233,46783,46704
IRR,727,1452,20,16947,15495,15475
IRR,728,1454,77,46986,45532,45455
IRR,729,1456,73,46990,45534,45461
IRR,730,1458,91,49768,48310,48219
IRR,731,1460,38,31060,29600,29562
IRR,732,1462,34,24471,23009,22975
IRR,733,1464,50,36694,35230,35180
IRR,734,1466,58,41281,39815,39757
IRR,735,1468,70,44801,43333,43263
IRR,736,1470,71,44812,43342,43271
IRR,737,1472,94,49894,48422,48328
IRR,738,1474,71,44832,43358,43287
IRR,739,1476,35,31125,29649,29614
IRR,740,1478,63,41334,39856,39793
IRR,741,1480,41,31146,29666,29625
IRR,742,1482,52,36766,35284,35232
IRR,743,1484,83,48937,47453,47370
IRR,744,1486,44,31180,29694,29650
IRR,745,1488,84,48940,47452,47368
IRR,746,1490,65,44855,43365,43300
IRR,747,1492,18,17160,15668,15650
IRR,748,1494,93,49895,48401,48308
IRR,749,1496,72,44876,43380,43308
IRR,750,1498,92,49774,48276,48184
IRR,751,1500,77,47040,45540,45463
IRR,752,1502,66,44900,43398,43332
IRR,753,1504,95,49975,48471,48376
IRR,754,1506,68,44917,43411,43343
IRR,755,1508,27,24712,23204,23177
IRR,756,1510,30,24722,23212,23182
IRR,757,1512,62,41446,39934,39872
IRR,758,1514,35,31285,29771,29736
IRR,759,1516,54,36890,35374,35320
IRR,760,1518,34,24776,23258,23224
IRR,761,1520,47,36907,35387,35340
IRR,762,1522,24,17334,15812,15788
IRR,763,1524,35,31320,29796,29761
IRR,764,1526,76,47054,45528,45452
IRR,765,1528,52,36929,35401,35349
IRR,766,1530,42,31360,29830,29788
IRR,767,1532,29,24845,23313,23284
IRR,768,1534,58,41464,39930,39872
IRR,769,1536,18,17412,15876,15858
IRR,770,1538,74,47066,45528,45454
IRR,771,1540,34,24889,23349,23315
IRR,772,1542,77,47074,45532,45455
IRR,773,1544,99,50043,48499,48400
IRR,774,1546,42,31422,29876,29834
IRR,775,1548,88,49374,47826,47738
IRR,776,1550,59,41523,39973,39914
IRR,777,1552,17,17509,15957,15940
IRR,778,1554,87,49376,47822,47735
IRR,779,1556,68,44988,43432,43364
IRR,780,1558,36,31478,29920,29884
IRR,781,1560,62,41565,40005,39943
IRR,782,1562,14,9330,7768,7754
IRR,783,1564,50,37049,35485,35435
IRR,784,1566,96,49979,48413,48317
IRR,785,1568,83,48972,47404,47321
IRR,786,1570,68,45023,43453,43385
IRR,787,1572,21,17620,16048,16027
IRR,788,1574,62,41607,40033,39971
IRR,789,1576,34,25076,23500,23466
IRR,790,1578,88,49382,47804,47716
IRR,791,1580,95,49980,48400,48305
IRR,792,1582,70,45051,43469,43399
IRR,793,1584,48,37132,35548,35500
IRR,794,1586,33,25129,23543,23510
IRR,795,1588,86,48985,47397,47311
IRR,796,1590,37,31615,30025,29988
IRR,797,1592,83,48987,47395,47312
IRR,798,1594,27,25176,23582,23555
IRR,799,1596,45,37157,35561,35516
IRR,800,1598,10,9550,7952,7942
IRR,801,1600,95,49981,48381,48286
IRR,802,1602,95,49982,48380,48285
IRR,803,1604,49,37199,35595,35546
IRR,804,1606,14,9594,7988,7974
IRR,805,1608,96,49984,48376,48280
IRR,806,1610,62,41699,40089,40027
IRR,807,1612,99,50044,48432,48333
IRR,808,1614,73,47177,45563,45490
IRR,809,1616,87,49399,47783,47696
IRR,810,1618,35,31730,30112,30077
IRR,811,1620,97,50029,48409,48312
IRR,812,1622,80,48352,46730,46650
IRR,813,1624,57,41756,40132,40075
IRR,814,1626,71,45152,43526,43455
IRR,815,1628,96,49990,48362,48266
IRR,816,1630,45,37304,35674,35629
IRR,817,1632,90,49616,47984,47894
IRR,818,1634,95,49991,48357,48262
IRR,819,1636,91,49797,48161,48070
IRR,820,1638,19,17982,16344,16325
IRR,821,1640,15,17987,16347,16332
IRR,822,1642,65,45193,43551,43486
IRR,823,1644,74,47231,45587,45513
IRR,824,1646,93,49918,48272,48179
IRR,825,1648,85,49035,47387,47302
IRR,826,1650,59,41855,40205,40146
IRR,827,1652,51,37395,35743,35692
IRR,828,1654,14,9872,8218,8204
IRR,829,1656,90,49801,48145,48055
IRR,830,1658,76,47258,45600,45524
IRR,831,1660,83,49042,47382,47299
IRR,832,1662,22,18100,16438,16416
IRR,833,1664,48,37433,35769,35721
IRR,834,1666,33,25504,23838,23805
IRR,835,1668,44,31940,30272,30228
IRR,836,1670,74,47269,45599,45525
IRR,837,1672,51,37454,35782,35731
IRR,838,1674,55,41900,40226,40171
IRR,839,1676,13,10009,8333,8320
IRR,840,1678,72,45268,43590,43518
IRR,841,1680,86,49047,47367,47281
IRR,842,1682,30,25584,23902,23872
IRR,843,1684,78,48400,46716,46638
IRR,844,1686,71,45297,43611,43540
IRR,845,1688,61,41963,40275,40214
IRR,846,1690,86,49421,47731,47645
IRR,847,1692,57,41980,40288,40231
IRR,848,1694,99,50046,48352,48253
IRR,849,1696,88,49628,47932,47844
IRR,850,1698,49,37580,35882,35833
IRR,851,1700,69,45333,43633,43564
IRR,852,1702,45,37595,35893,35848
IRR,853,1704,77,47308,45604,45527
IRR,854,1706,97,50047,48341,48244
IRR,855,1708,47,37635,35927,35880
IRR,856,1710,37,32157,30447,30410
IRR,857,1712,38,32165,30453,30415
IRR,858,1714,43,32178,30464,30421
IRR,859,1716,64,42044,40328,40264
IRR,860,1718,55,42049,40331,40276
IRR,861,1720,34,25814,24094,24060
IRR,862,1722,15,18435,16713,16698
IRR,863,1724,51,37666,35942,35891
IRR,864,1726,26,25830,24104,24078
IRR,865,1728,96,50035,48307,48211
IRR,866,1730,59,42068,40338,40279
IRR,867,1732,87,49634,47902,47815
IRR,868,1734,48,37709,35975,35927
IRR,869,1736,99,50055,48319,48220
IRR,870,1738,67,45383,43645,43578
IRR,871,1740,46,37735,35995,35949
IRR,872,1742,10,10399,8657,8647
IRR,873,1744,46,37741,35997,35951
IRR,874,1746,42,32324,30578,30536
IRR,875,1748,45,37746,35998,35953
IRR,876,1750,65,45396,43646,43581
IRR,877,1752,11,10460,8708,8697
IRR,878,1754,72,47342,45588,45516
IRR,879,1756,73,47347,45591,45518
IRR,880,1758,32,25992,24234,24202
IRR,881,1760,83,49081,47321,47238
IRR,882,1762,43,32397,30635,30592
IRR,883,1764,93,50001,48237,48144
IRR,884,1766,97,50051,48285,48188
IRR,885,1768,36,32423,30655,30619
IRR,886,1770,89,49815,48045,47956
IRR,887,1772,94,50040,48268,48174
IRR,888,1774,17,18704,16930,16913
IRR,889,1776,53,37849,36073,36020
IRR,890,1778,60,42198,40420,40360
IRR,891,1780,11,10630,8850,8839
IRR,892,1782,33,26105,24323,24290
IRR,893,1784,99,50057,48273,48174
IRR,894,1786,49,37888,36102,36053
IRR,895,1788,48,37896,36108,36060
IRR,896,1790,57,42221,40431,40374
IRR,897,1792,16,18800,17008,16992
IRR,898,1794,35,32528,30734,30699
IRR,899,1796,11,10721,8925,8914
IRR,900,1798,86,49647,47849,47763